0 0 0 0 0 
100 100 100 90 1
100 100 90 90 1
100 100 90 88 1
90 100 90 87 1
100 100 90 90 1
100 100 90 70 0
100 100 90 90 1
100 100 90 81 1
90 100 90 80 1
100 0 70 90 1
100 0 70 60 0
80 0 70 88 1
100 40 70 89 1 
100 0 70 75 0
100 0 70 85 1
100 0 70 85 1
90 20 70 70 0
100 0 70 90 1
100 0 70 60 0
100 0 70 90 1
100 0 70 89 1
100 0 70 60 0
100 30 70 85 1
80 0 70 85 1
100 0 70 78 0
100 40 70 90 1
100 0 70 90 1
100 0 70 90 1
90 30 70 75 0
100 0 70 86 1
100 0 70 85 1
90 0 70 85 1
100 50 70 82 1
100 0 70 90 1
100 0 70 50 0
100 0 70 90 1
80 60 70 89 1
100 70 70 86 1
100 0 70 85 1
100 20 70 85 1
100 0 70 87 1
100 0 0 80 0
100 0 0 90 0
100 0 0 85 0
100 0 0 81 0 
100 0 0 80 0
100 0 0 90 0
100 70 80 85 1
100 0 0 81 0 
100 0 0 80 0
100 0 0 80 0
100 0 0 85 0
100 0 0 81 0 
100 70 90 85 1
100 70 90 86 1 
100 0 0 80 0
100 0 0 83 0
90 0 0 85 0
100 0 0 81 0
100 70 80 85 1
100 0 0 81 0 
100 0 0 80 0
100 0 0 80 0
100 0 0 85 0
100 0 0 81 0 
100 70 90 85 1
100 70 90 86 1 
100 0 0 80 0
100 0 0 83 0
100 0 0 85 0
80 0 0 81 0 
100 0 0 86 0
100 0 0 90 0
100 0 0 85 0
100 0 0 81 0 
90 0 0 80 0
100 0 0 90 0
100 70 80 85 1
100 0 0 81 0 
100 0 0 80 0
100 0 0 82 0
90 0 0 85 0
100 0 0 81 0 
100 70 90 80 1
100 70 90 81 1 
100 0 0 80 0
80 0 0 83 0
100 0 0 85 0
100 0 0 81 0
100 70 80 85 1
100 0 0 81 0 
100 0 0 80 0
90 0 0 80 0
100 0 0 85 0
100 0 0 81 0 
100 70 90 85 1
100 70 90 86 1 
100 0 0 80 0
100 0 0 83 0
100 0 0 85 0
100 0 0 81 0
100 0 0 81 1 
100 0 0 80 1
100 0 0 82 1
100 0 0 81 1 
80 0 0 79 1
80 0 10 82 1
100 0 0 81 1 
100 0 0 60 0
100 0 20 82 1
100 0 0 81 1 
100 0 0 75 0
100 0 0 82 1
100 100 100 81 1 
100 100 90 85 1
100 0 0 50 0 
100 0 0 50 0
100 0 0 82 1
100 0 0 81 1 
100 0 0 85 1
100 0 0 82 1
100 0 0 81 1 
100 0 0 81 1
100 90 100 85 1
100 0 0 50 0 
100 0 0 78 0
100 0 0 81 1 
100 0 0 80 1
100 0 0 82 0
0 0 0 82 0
10 0 0 80 0
90 70 20 80 1
60 0 0 85 0
40 0 0 82 0
80 80 70 83 1
80 70 70 81 1
80 80 75 82 1
10 0 0 82 0
30 0 0 86 0
50 0 0 78 0
10 0 0 82 0
85 80 70 82 1
20 0 0 83 0
30 0 0 85 0
80 40 20 82 1
0 0 0 83 0
100 0 0 82 1
100 0 0 81 1 
10 0 0 82 0
30 0 0 82 0
60 0 0 78 0
20 0 0 82 0
20 0 0 81 0
85 80 70 60 0
20 0 0 80 0
30 0 0 85 0
40 0 0 82 0
0 0 0 83 0
60 0 0 82 0
30 0 0 86 0
50 0 0 78 0
10 0 0 82 0
0 0 0 82 0
20 0 0 83 0
30 0 0 85 0
40 0 0 82 0
10 0 0 83 0
10 0 0 82 0
30 0 0 82 0
50 0 0 78 0
100 0 0 80 1
100 0 0 81 1
20 0 0 80 0
30 0 0 85 0
40 0 0 82 0
0 0 0 82 0
10 0 0 80 0
20 0 0 80 0
60 0 0 85 0
40 0 0 82 0
80 80 70 83 1
80 70 70 81 1
80 80 75 82 1
10 0 0 82 0
60 0 0 86 0
50 0 0 78 0
10 0 0 82 0
85 80 70 82 1
20 0 0 83 0
30 0 0 85 0
40 0 0 82 0
0 0 0 70 0
100 0 0 82 1
100 0 0 81 1 
10 0 0 82 0
30 0 0 60 0
50 0 0 78 0
20 0 0 60 0
20 0 0 81 0
85 80 70 82 1
20 0 0 83 0
10 0 0 82 0
30 0 0 86 0
80 70 70 81 1
50 0 0 80 0
10 0 0 82 0
40 0 0 82 0
80 80 70 83 1
80 80 75 82 1
10 0 0 75 0
30 0 0 86 0
50 0 0 78 0
10 0 0 82 0
85 80 70 82 1
20 0 0 83 0
30 0 0 85 0
70 0 0 82 0
0 0 0 83 0
100 0 0 82 1
100 0 0 81 1 
70 0 0 82 0
30 0 0 82 0
90 30 70 78 1
60 0 0 82 0
20 0 0 81 0
85 80 70 60 0
0 0 0 82 0
20 0 0 78 0
30 0 0 85 0
40 0 0 82 0
0 0 0 83 0
10 0 0 82 0
30 0 0 82 0
50 0 0 70 0
80 80 75 82 1
60 80 70 60 0
0 0 0 82 0
20 0 0 78 0
30 0 0 85 0
60 0 0 60 0
30 0 0 86 0
50 0 0 50 0
10 0 0 82 0
85 80 70 82 1 
100 0 0 81 1 
10 0 0 82 0
30 0 0 82 0
90 80 70 82 1 
80 80 70 82 1 
0 0 0 0 0 
100 100 100 90 1
100 100 90 90 1
100 100 90 88 1
90 100 90 87 1
100 100 90 90 1
100 100 90 70 0
100 100 90 90 1
100 100 90 81 1
90 100 90 80 1
100 0 70 90 1
100 0 70 60 0
80 0 70 88 1
100 40 70 89 1 
100 0 70 75 0
100 0 70 85 1
100 0 70 85 1
90 20 70 70 0
100 0 70 90 1
100 0 70 60 0
100 0 70 90 1
100 0 70 89 1
100 0 70 60 0
100 30 70 85 1
80 0 70 85 1
100 0 70 78 0
100 40 70 90 1
100 0 70 90 1
100 0 70 90 1
90 30 70 75 0
100 0 70 86 1
100 0 70 85 1
90 0 70 85 1
100 50 70 82 1
100 0 70 90 1
100 0 70 50 0
100 0 70 90 1
80 60 70 89 1
100 70 70 86 1
100 0 70 85 1
100 20 70 85 1
100 0 70 87 1
100 0 0 80 0
100 0 0 90 0
100 0 0 85 0
100 0 0 81 0 
100 0 0 80 0
100 0 0 90 0
100 70 80 85 1
100 0 0 81 0 
100 0 0 80 0
100 0 0 80 0
100 0 0 85 0
100 0 0 81 0 
100 70 90 85 1
100 70 90 86 1 
100 0 0 80 0
100 0 0 83 0
90 0 0 85 0
100 0 0 81 0
100 70 80 85 1
100 0 0 81 0 
100 0 0 80 0
100 0 0 80 0
100 0 0 85 0
100 0 0 81 0 
100 70 90 85 1
100 70 90 86 1 
100 0 0 80 0
100 0 0 83 0
100 0 0 85 0
80 0 0 81 0 
100 0 0 86 0
100 0 0 90 0
100 0 0 85 0
100 0 0 81 0 
90 0 0 80 0
100 0 0 90 0
100 70 80 85 1
100 0 0 81 0 
100 0 0 80 0
100 0 0 82 0
90 0 0 85 0
100 0 0 81 0 
100 70 90 80 1
100 70 90 81 1 
100 0 0 80 0
80 0 0 83 0
100 0 0 85 0
100 0 0 81 0
100 70 80 85 1
100 0 0 81 0 
100 0 0 80 0
90 0 0 80 0
100 0 0 85 0
100 0 0 81 0 
100 70 90 85 1
100 70 90 86 1 
100 0 0 80 0
100 0 0 83 0
100 0 0 85 0
100 0 0 81 0
100 0 0 81 1 
100 0 0 80 1
100 0 0 82 1
100 0 0 81 1 
80 0 0 79 1
80 0 10 82 1
100 0 0 81 1 
100 0 0 60 0
100 0 20 82 1
100 0 0 81 1 
100 0 0 75 0
100 0 0 82 1
100 100 100 81 1 
100 100 90 85 1
100 0 0 50 0 
100 0 0 50 0
100 0 0 82 1
100 0 0 81 1 
100 0 0 85 1
100 0 0 82 1
100 0 0 81 1 
100 0 0 81 1
100 90 100 85 1
100 0 0 50 0 
100 0 0 78 0
100 0 0 81 1 
100 0 0 80 1
100 0 0 82 0
0 0 0 82 0
10 0 0 80 0
90 70 20 80 1
60 0 0 85 0
40 0 0 82 0
80 80 70 83 1
80 70 70 81 1
80 80 75 82 1
10 0 0 82 0
30 0 0 86 0
50 0 0 78 0
10 0 0 82 0
85 80 70 82 1
20 0 0 83 0
30 0 0 85 0
80 40 20 82 1
0 0 0 83 0
100 0 0 82 1
100 0 0 81 1 
10 0 0 82 0
30 0 0 82 0
60 0 0 78 0
20 0 0 82 0
20 0 0 81 0
85 80 70 60 0
20 0 0 80 0
30 0 0 85 0
40 0 0 82 0
0 0 0 83 0
60 0 0 82 0
30 0 0 86 0
50 0 0 78 0
10 0 0 82 0
0 0 0 82 0
20 0 0 83 0
30 0 0 85 0
40 0 0 82 0
10 0 0 83 0
10 0 0 82 0
30 0 0 82 0
50 0 0 78 0
100 0 0 80 1
100 0 0 81 1
20 0 0 80 0
30 0 0 85 0
40 0 0 82 0
0 0 0 82 0
10 0 0 80 0
20 0 0 80 0
60 0 0 85 0
40 0 0 82 0
80 80 70 83 1
80 70 70 81 1
80 80 75 82 1
10 0 0 82 0
60 0 0 86 0
50 0 0 78 0
10 0 0 82 0
85 80 70 82 1
20 0 0 83 0
30 0 0 85 0
40 0 0 82 0
0 0 0 70 0
100 0 0 82 1
100 0 0 81 1 
10 0 0 82 0
30 0 0 60 0
50 0 0 78 0
20 0 0 60 0
20 0 0 81 0
85 80 70 82 1
20 0 0 83 0
10 0 0 82 0
30 0 0 86 0
80 70 70 81 1
50 0 0 80 0
10 0 0 82 0
40 0 0 82 0
80 80 70 83 1
80 80 75 82 1
10 0 0 75 0
30 0 0 86 0
50 0 0 78 0
10 0 0 82 0
85 80 70 82 1
20 0 0 83 0
30 0 0 85 0
70 0 0 82 0
0 0 0 83 0
100 0 0 82 1
100 0 0 81 1 
70 0 0 82 0
30 0 0 82 0
90 30 70 78 1
60 0 0 82 0
20 0 0 81 0
85 80 70 60 0
0 0 0 82 0
20 0 0 78 0
30 0 0 85 0
40 0 0 82 0
0 0 0 83 0
10 0 0 82 0
30 0 0 82 0
50 0 0 70 0
80 80 75 82 1
60 80 70 60 0
0 0 0 82 0
20 0 0 78 0
30 0 0 85 0
60 0 0 60 0
30 0 0 86 0
50 0 0 50 0
10 0 0 82 0
85 80 70 82 1 
100 0 0 81 1 
10 0 0 82 0
30 0 0 82 0
90 80 70 82 1 
80 80 70 82 1
0 0 0 0 0 
100 100 100 90 1
100 100 90 90 1
100 100 90 88 1
90 100 90 87 1
100 100 90 90 1
100 100 90 70 0
100 100 90 90 1
100 100 90 81 1
90 100 90 80 1
100 0 70 90 1
100 0 70 60 0
80 0 70 88 1
100 40 70 89 1 
100 0 70 75 0
100 0 70 85 1
100 0 70 85 1
90 20 70 70 0
100 0 70 90 1
100 0 70 60 0
100 0 70 90 1
100 0 70 89 1
100 0 70 60 0
100 30 70 85 1
80 0 70 85 1
100 0 70 78 0
100 40 70 90 1
100 0 70 90 1
100 0 70 90 1
90 30 70 75 0
100 0 70 86 1
100 0 70 85 1
90 0 70 85 1
100 50 70 82 1
100 0 70 90 1
100 0 70 50 0
100 0 70 90 1
80 60 70 89 1
100 70 70 86 1
100 0 70 85 1
100 20 70 85 1
100 0 70 87 1
100 0 0 80 0
100 0 0 90 0
100 0 0 85 0
100 0 0 81 0 
100 0 0 80 0
100 0 0 90 0
100 70 80 85 1
100 0 0 81 0 
100 0 0 80 0
100 0 0 80 0
100 0 0 85 0
100 0 0 81 0 
100 70 90 85 1
100 70 90 86 1 
100 0 0 80 0
100 0 0 83 0
90 0 0 85 0
100 0 0 81 0
100 70 80 85 1
100 0 0 81 0 
100 0 0 80 0
100 0 0 80 0
100 0 0 85 0
100 0 0 81 0 
100 70 90 85 1
100 70 90 86 1 
100 0 0 80 0
100 0 0 83 0
100 0 0 85 0
80 0 0 81 0 
100 0 0 86 0
100 0 0 90 0
100 0 0 85 0
100 0 0 81 0 
90 0 0 80 0
100 0 0 90 0
100 70 80 85 1
100 0 0 81 0 
100 0 0 80 0
100 0 0 82 0
90 0 0 85 0
100 0 0 81 0 
100 70 90 80 1
100 70 90 81 1 
100 0 0 80 0
80 0 0 83 0
100 0 0 85 0
100 0 0 81 0
100 70 80 85 1
100 0 0 81 0 
100 0 0 80 0
90 0 0 80 0
100 0 0 85 0
100 0 0 81 0 
100 70 90 85 1
100 70 90 86 1 
100 0 0 80 0
100 0 0 83 0
100 0 0 85 0
100 0 0 81 0
100 0 0 81 1 
100 0 0 80 1
100 0 0 82 1
100 0 0 81 1 
80 0 0 79 1
80 0 10 82 1
100 0 0 81 1 
100 0 0 60 0
100 0 20 82 1
100 0 0 81 1 
100 0 0 75 0
100 0 0 82 1
100 100 100 81 1 
100 100 90 85 1
100 0 0 50 0 
100 0 0 50 0
100 0 0 82 1
100 0 0 81 1 
100 0 0 85 1
100 0 0 82 1
100 0 0 81 1 
100 0 0 81 1
100 90 100 85 1
100 0 0 50 0 
100 0 0 78 0
100 0 0 81 1 
100 0 0 80 1
100 0 0 82 0
0 0 0 82 0
10 0 0 80 0
90 70 20 80 1
60 0 0 85 0
40 0 0 82 0
80 80 70 83 1
80 70 70 81 1
80 80 75 82 1
10 0 0 82 0
30 0 0 86 0
50 0 0 78 0
10 0 0 82 0
85 80 70 82 1
20 0 0 83 0
30 0 0 85 0
80 40 20 82 1
0 0 0 83 0
100 0 0 82 1
100 0 0 81 1 
10 0 0 82 0
30 0 0 82 0
60 0 0 78 0
20 0 0 82 0
20 0 0 81 0
85 80 70 60 0
20 0 0 80 0
30 0 0 85 0
40 0 0 82 0
0 0 0 83 0
60 0 0 82 0
30 0 0 86 0
50 0 0 78 0
10 0 0 82 0
0 0 0 82 0
20 0 0 83 0
30 0 0 85 0
40 0 0 82 0
10 0 0 83 0
10 0 0 82 0
30 0 0 82 0
50 0 0 78 0
100 0 0 80 1
100 0 0 81 1
20 0 0 80 0
30 0 0 85 0
40 0 0 82 0
0 0 0 82 0
10 0 0 80 0
20 0 0 80 0
60 0 0 85 0
40 0 0 82 0
80 80 70 83 1
80 70 70 81 1
80 80 75 82 1
10 0 0 82 0
60 0 0 86 0
50 0 0 78 0
10 0 0 82 0
85 80 70 82 1
20 0 0 83 0
30 0 0 85 0
40 0 0 82 0
0 0 0 70 0
100 0 0 82 1
100 0 0 81 1 
10 0 0 82 0
30 0 0 60 0
50 0 0 78 0
20 0 0 60 0
20 0 0 81 0
85 80 70 82 1
20 0 0 83 0
10 0 0 82 0
30 0 0 86 0
80 70 70 81 1
50 0 0 80 0
10 0 0 82 0
40 0 0 82 0
80 80 70 83 1
80 80 75 82 1
10 0 0 75 0
30 0 0 86 0
50 0 0 78 0
10 0 0 82 0
85 80 70 82 1
20 0 0 83 0
30 0 0 85 0
70 0 0 82 0
0 0 0 83 0
100 0 0 82 1
100 0 0 81 1 
70 0 0 82 0
30 0 0 82 0
90 30 70 78 1
60 0 0 82 0
20 0 0 81 0
85 80 70 60 0
0 0 0 82 0
20 0 0 78 0
30 0 0 85 0
40 0 0 82 0
0 0 0 83 0
10 0 0 82 0
30 0 0 82 0
50 0 0 70 0
80 80 75 82 1
60 80 70 60 0
0 0 0 82 0
20 0 0 78 0
30 0 0 85 0
60 0 0 60 0
30 0 0 86 0
50 0 0 50 0
10 0 0 82 0
85 80 70 82 1 
100 0 0 81 1 
10 0 0 82 0
30 0 0 82 0
90 80 70 82 1 
80 80 70 82 1 
0 0 0 0 0 
100 100 100 90 1
100 100 90 90 1
100 100 90 88 1
90 100 90 87 1
100 100 90 90 1
100 100 90 70 0
100 100 90 90 1
100 100 90 81 1
90 100 90 80 1
100 0 70 90 1
100 0 70 60 0
80 0 70 88 1
100 40 70 89 1 
100 0 70 75 0
100 0 70 85 1
100 0 70 85 1
90 20 70 70 0
100 0 70 90 1
100 0 70 60 0
100 0 70 90 1
100 0 70 89 1
100 0 70 60 0
100 30 70 85 1
80 0 70 85 1
100 0 70 78 0
100 40 70 90 1
100 0 70 90 1
100 0 70 90 1
90 30 70 75 0
100 0 70 86 1
100 0 70 85 1
90 0 70 85 1
100 50 70 82 1
100 0 70 90 1
100 0 70 50 0
100 0 70 90 1
80 60 70 89 1
100 70 70 86 1
100 0 70 85 1
100 20 70 85 1
100 0 70 87 1
100 0 0 80 0
100 0 0 90 0
100 0 0 85 0
100 0 0 81 0 
100 0 0 80 0
100 0 0 90 0
100 70 80 85 1
100 0 0 81 0 
100 0 0 80 0
100 0 0 80 0
100 0 0 85 0
100 0 0 81 0 
100 70 90 85 1
100 70 90 86 1 
100 0 0 80 0
100 0 0 83 0
90 0 0 85 0
100 0 0 81 0
100 70 80 85 1
100 0 0 81 0 
100 0 0 80 0
100 0 0 80 0
100 0 0 85 0
100 0 0 81 0 
100 70 90 85 1
100 70 90 86 1 
100 0 0 80 0
100 0 0 83 0
100 0 0 85 0
80 0 0 81 0 
100 0 0 86 0
100 0 0 90 0
100 0 0 85 0
100 0 0 81 0 
90 0 0 80 0
100 0 0 90 0
100 70 80 85 1
100 0 0 81 0 
100 0 0 80 0
100 0 0 82 0
90 0 0 85 0
100 0 0 81 0 
100 70 90 80 1
100 70 90 81 1 
100 0 0 80 0
80 0 0 83 0
100 0 0 85 0
100 0 0 81 0
100 70 80 85 1
100 0 0 81 0 
100 0 0 80 0
90 0 0 80 0
100 0 0 85 0
100 0 0 81 0 
100 70 90 85 1
100 70 90 86 1 
100 0 0 80 0
100 0 0 83 0
100 0 0 85 0
100 0 0 81 0
100 0 0 81 1 
100 0 0 80 1
100 0 0 82 1
100 0 0 81 1 
80 0 0 79 1
80 0 10 82 1
100 0 0 81 1 
100 0 0 60 0
100 0 20 82 1
100 0 0 81 1 
100 0 0 75 0
100 0 0 82 1
100 100 100 81 1 
100 100 90 85 1
100 0 0 50 0 
100 0 0 50 0
100 0 0 82 1
100 0 0 81 1 
100 0 0 85 1
100 0 0 82 1
100 0 0 81 1 
100 0 0 81 1
100 90 100 85 1
100 0 0 50 0 
100 0 0 78 0
100 0 0 81 1 
100 0 0 80 1
100 0 0 82 0
0 0 0 82 0
10 0 0 80 0
90 70 20 80 1
60 0 0 85 0
40 0 0 82 0
80 80 70 83 1
80 70 70 81 1
80 80 75 82 1
10 0 0 82 0
30 0 0 86 0
50 0 0 78 0
10 0 0 82 0
85 80 70 82 1
20 0 0 83 0
30 0 0 85 0
80 40 20 82 1
0 0 0 83 0
100 0 0 82 1
100 0 0 81 1 
10 0 0 82 0
30 0 0 82 0
60 0 0 78 0
20 0 0 82 0
20 0 0 81 0
85 80 70 60 0
20 0 0 80 0
30 0 0 85 0
40 0 0 82 0
0 0 0 83 0
60 0 0 82 0
30 0 0 86 0
50 0 0 78 0
10 0 0 82 0
0 0 0 82 0
20 0 0 83 0
30 0 0 85 0
40 0 0 82 0
10 0 0 83 0
10 0 0 82 0
30 0 0 82 0
50 0 0 78 0
100 0 0 80 1
100 0 0 81 1
20 0 0 80 0
30 0 0 85 0
40 0 0 82 0
0 0 0 82 0
10 0 0 80 0
20 0 0 80 0
60 0 0 85 0
40 0 0 82 0
80 80 70 83 1
80 70 70 81 1
80 80 75 82 1
10 0 0 82 0
60 0 0 86 0
50 0 0 78 0
10 0 0 82 0
85 80 70 82 1
20 0 0 83 0
30 0 0 85 0
40 0 0 82 0
0 0 0 70 0
100 0 0 82 1
100 0 0 81 1 
10 0 0 82 0
30 0 0 60 0
50 0 0 78 0
20 0 0 60 0
20 0 0 81 0
85 80 70 82 1
20 0 0 83 0
10 0 0 82 0
30 0 0 86 0
80 70 70 81 1
50 0 0 80 0
10 0 0 82 0
40 0 0 82 0
80 80 70 83 1
80 80 75 82 1
10 0 0 75 0
30 0 0 86 0
50 0 0 78 0
10 0 0 82 0
85 80 70 82 1
20 0 0 83 0
30 0 0 85 0
70 0 0 82 0
0 0 0 83 0
100 0 0 82 1
100 0 0 81 1 
70 0 0 82 0
30 0 0 82 0
90 30 70 78 1
60 0 0 82 0
20 0 0 81 0
85 80 70 60 0
0 0 0 82 0
20 0 0 78 0
30 0 0 85 0
40 0 0 82 0
0 0 0 83 0
10 0 0 82 0
30 0 0 82 0
50 0 0 70 0
80 80 75 82 1
60 80 70 60 0
0 0 0 82 0
20 0 0 78 0
30 0 0 85 0
60 0 0 60 0
30 0 0 86 0
50 0 0 50 0
10 0 0 82 0
85 80 70 82 1 
100 0 0 81 1 
10 0 0 82 0
30 0 0 82 0
90 80 70 82 1 
80 80 70 82 1 







